115724
180836
180533
123723
773257
155635
922854
816653
429040
163432
141826
140117
774663
984472
118225
134021
174841
959574
615744
767464
971160
187143
366446
698168
702133
148436
212217
523032
173536
195849
904044
336841
810843
436845
209127
448347
820745
896778
211215
118730
613538
952863
208327
220721
419239
304020
194746
115219
162733
677968
585256
436239
671855
611938
168240
111514
566454
174437
147030
320826
991267
189450
467351
107725
107321
581349
480141
318637
159744
127327
118528
803240
152427
119126
173435
180735
210112
205826
784565
178243
199352
101107
112920
163836
251833
180937
195950
123824
151930
166640
406432
912447
214019
779370
105620
120212
102311
800941
176845
552544
159239
342129
129129
872562
179346
106824
113215
214221
173738
558960
871964
148133
196144
119025
187850
856766
387959
789373
792867
150625
151728
664757
558657
531536
172130
358144
192540
757764
202113
168139
667056
622236
114217
206828
173334
570243
162329
275645
634748
101915
208024
137027
414229
212015
124624
148840
206525
190031
176037
204319
255740
623844
177645
657659
100408
910241
308331
889579
422632
137633
322224
885975
393550
788876
212419
333330
207426
899885
990366
955465
171633
567759
151829
118831
135730
833148
614439
308129
200311
192641
131924
356948
376247
191033
397154
545345
250932
453441
213017
198451
298051
141119
680957
180129
186141
833249
121921
993675
144832
413934
825553
116726
171532
131722
300719
285345
133019
138837
106521
453542
147636
497865
481951
140319
841349
134223
141422
101309
415837
887373
117930
633847
185139
246133
135124
156233
153429
198249
204016
131823
249947
182436
145834
109325
919966
127226
211417
113316
857263
191235
305830
105216
192035
395958
978578
112112
208226
869472
397760
163331
705341
510225
211720
192136
103515
555954
310621
188448
120111
114419
165638
169040
548250
832651
257542
102614
144933
201818
673455
153934
316835
725751
204420
207123
334635
378756
143224
469961
224022
412528
138534
159340
397861
812746
194443
118023
128026
311320
303119
125424
128127
704238
122822
385450
121618
181232
983773
870861
884064
672756
395251
894067
123420
102513
199655
872764
110007
109830
180230
139637
792564
894774
589567
124422
144125
432332
802844
456346
143830
692964
495255
837964
512835
196346
161832
217429
181131
878877
103111
100610
209329
161731
239944
285446
994273
199150
153833
144428
245333
592455
178849
350330
102109
159441
105014
188549
153631
987983
765864
969476
348545
183034
209228
723141
329440
149842
211821
156536
123117
329844
221319
391748
168947
145632
958976
209935
297655
136732
118124
212318
568963
590047
167238
116524
211922
675661
146533
165436
578057
386250
156435
121416
749058
129028
130619
694362
170631
156637
100206
987074
274542
788674
199453
352132
130720
167440
626648
128935
236130
154734
520228
814548
113619
321323
166438
177241
665254
134829
547046
519647
849971
557857
192237
164131
573451
175035
206929
175338
188347
111009
186848
148032
996782
724446
572045
163129
211619
486759
173940
185038
930449
135932
130417
647858
111716
188145
877269
134425
228434
200513
393247
178142
104012
680452
825654
700634
203418
339847
389357
108525
142828
158843
715041
479762
679568
761957
136833
169545
707749
103414
130821
178647
161630
454140
926862
146836
128632
901442
144731
173637
594156
686969
561949
513130
561444
307127
970764
110613
844961
137532
580044
140925
103212
300618
111413
943862
731140
304727
513736
248339
168745
449753
154330
106016
635245
210415
966975
191336
154835
108323
927359
193845
227533
932554
751348
565452
147737
907656
770352
290136
942658
715950
395756
933253
138332
693764
136631
506234
530635
588565
127832
154431
516742
125222
206727
206323
406836
129331
112516
136227
201515
898176
151223
735148
908860
102008
679770
108222
212823
160830
173839
580751
390645
499566
552241
962058
162935
465852
172938
205119
136126
818859
525541
815247
361234
737960
257845
135629
135225
559457
880157
576255
186545
219231
178950
146331
130316
753150
461743
134728
911849
148335
463040
167743
172029
200917
130114
145127
149539
210617
159138
205220
901038
814649
131217
522434
201414
645450
616645
852455
153227
529549
856968
585862
867468
500222
728454
597869
197550
947668
299154
164030
695768
211316
280739
127933
587664
155938
782561
459453
567961
193239
965771
763557
156031
645551
573249
177140
541943
204218
826454
618952
189349
162026
510326
517239
168341
194645
196750
154229
905147
923755
233326
186444
295146
524135
979984
878776
837560
485757
756055
536647
871762
371843
910443
394956
120414
158136
598568
137936
316633
108121
346945
140824
553344
759869
882161
896879
668361
123521
381038
157437
680250
392750
586460
214726
366042
792766
150928
198855
199958
748258
153025
101006
529953
845458
468050
677766
353740
654754
580650
123925
656657
392447
202719
286650
111211
107422
749361
148941
132017
106319
951457
154936
257946
734045
194847
169949
206222
571144
198653
421226
283543
133928
114621
231928
541640
130922
957974
309636
115017
102816
137229
109123
268850
195445
146432
720337
152831
769064
112314
181636
690152
638049
654552
172433
604537
160123
656253
217126
213522
992774
818455
164636
149236
138231
368753
663755
201111
609143
239136
826353
732243
126325
382242
198350
100307
888678
379657
118932
150726
108020
742549
298455
208125
213421
191942
122620
182739
381543
186040
744553
157942
102715
176542
445543
198047
165941
139435
865363
989987
540436
825048
255639
965367
293748
843151
158338
385046
380036
581450
146735
753251
599065
238033
579867
299760
113922
237334
378857
886674
687163
160729
104820
176239
214524
138130
167036
146937
197348
793465
204622
268749
185341
729557
175136
559053
131419
561242
902242
124220
192843
120717
214423
180432
152225
223929
130013
475855
104416
599469
117122
126426
164939
891667
210011
124826
